1425 [9813]
1357 [9125]
1244 [6651]
936 [4550]
726 [6037]
718 [5813]
667 [3381]
661 [5437]
656 [4499]
571 [5877]
501 [0199]
467 [10047]
449 [9524]
401 [0871]
323 [8714]
318 [8378 0199 4550]
308 [0879]
304 [2826]
301 [2363]
295 [6825]
291 [4468]
287 [8378]
285 [4550 6651]
276 [11053]
272 [0510]
264 [10066]
262 [4899]
255 [10510]
253 [9166]
245 [0027]
240 [3745]
229 [11704]
229 [7451]
229 [10070]
227 [8201]
225 [5779]
224 [4587]
215 [1561]
215 [11175]
210 [11728]
210 [4297]
209 [8068]
207 [4587 9813]
201 [11689]
201 [8378 0199]
198 [1274]
190 [3458]
183 [2261]
183 [4550 10047]
182 [5144]
180 [5989]
177 [5437 8714]
176 [10627]
172 [2328]
166 [6632]
161 [8568]
160 [2649]
159 [7270]
157 [8409]
157 [8009]
156 [3467]
154 [2350]
153 [3381 6651]
151 [0502]
147 [5460]
146 [9695]
144 [3084]
144 [3769]
144 [11728 5779]
143 [8047]
143 [2362]
143 [10074]
141 [11175 6651]
140 [3541]
139 [4550 0199]
138 [7430]
137 [4550 8378]
136 [6202]
136 [8293]
134 [1503]
134 [10887]
133 [6889]
131 [6908]
131 [12125]
129 [0088]
126 [8201 4550]
126 [5813 3467]
125 [7578]
122 [10008]
122 [7451 5779]
120 [2905]
