1278 [9127]
691 [6062]
541 [12041]
532 [10997]
513 [0871]
411 [1374]
410 [12048]
380 [10397]
338 [12003]
328 [7283]
301 [9125]
288 [10997 9127]
287 [0339]
286 [9523]
259 [5989]
243 [1486]
237 [2261]
234 [6126]
228 [2951]
217 [3458]
215 [10613]
209 [8256]
208 [11175]
207 [0465]
204 [5437]
202 [9005]
201 [7142]
201 [6062 8256]
199 [8257]
197 [5877]
196 [11719]
168 [6217]
168 [12003 9127]
165 [2567]
158 [5813]
150 [5866]
143 [12167]
143 [4715]
141 [3382]
141 [5137]
141 [7592]
140 [4472]
137 [11764]
137 [11478]
136 [11719 6062]
135 [6037]
135 [4468]
129 [4245]
126 [12041 9127]
122 [3051]
121 [7592 11764]
119 [8009]
118 [3091]
116 [11054]
115 [10904]
112 [4942]
109 [2924]
108 [0871 9127]
105 [2446]
104 [4297]
103 [10887]
103 [9947]
102 [0611]
101 [8691]
100 [2898]
99 [9166]
98 [8026]
97 [8187]
96 [8841]
95 [7142 3382]
94 [4761]
