1759 [12041]
1716 [1374]
1662 [6651]
709 [9146]
596 [1397]
512 [6901]
485 [6825]
471 [1656 12041 1397]
426 [12041 1374]
424 [3720]
421 [1494]
404 [6037]
393 [1656]
380 [10887]
378 [4327]
300 [1430]
294 [10008]
276 [0879]
256 [1374 6651]
248 [0199]
246 [4550]
245 [0255]
243 [1397 1656]
233 [8786]
232 [1397 12041]
231 [3232]
220 [12048]
217 [3731]
215 [4327 6651]
210 [1374 6901 6651]
206 [1374 6901]
204 [4327 1374 6651]
201 [1374 12041 1397]
196 [6901 6651]
191 [12041 1494]
190 [8187]
188 [9915]
185 [11297]
181 [8691]
175 [1679]
175 [5169]
173 [3387]
172 [12041 1656]
155 [3382]
154 [11804]
149 [4550 6651]
148 [6679]
147 [2898]
140 [11728]
140 [1374 12041 6901]
135 [6037 1374]
133 [11820]
133 [6825 6651]
132 [4922]
130 [8631]
130 [5365]
130 [9146 1374]
126 [9710]
126 [0027]
125 [6059]
123 [8059]
123 [8495]
123 [5429]
121 [12041 6901]
120 [5730]
120 [3298]
120 [1679 1374]
120 [9146 10008]
119 [12041 6651]
117 [6438]
115 [1822]
114 [1374 1430]
113 [12115]
111 [3091]
110 [8329]
110 [9146 4327]
107 [9509]
107 [3926]
106 [12041 3720]
105 [0002]
105 [1397 1374]
105 [1494 6651]
103 [5989]
103 [7562]
102 [8342]
102 [6217]
100 [4948]
99 [4327 1374]
99 [3232 11820]
