514 [0848]
484 [5877]
376 [7113]
336 [9813]
330 [6825]
315 [11053]
306 [1397]
285 [6037]
279 [8068]
270 [3769]
254 [6651]
235 [3980]
223 [3740]
200 [2474]
196 [7540]
176 [0027]
166 [5139]
160 [9188]
158 [11713]
157 [1597]
152 [0879]
141 [8009]
134 [10887]
124 [7772]
122 [7130]
119 [10968]
117 [9979]
115 [9331]
115 [1444]
111 [5306]
108 [6153]
107 [2261]
107 [10047]
107 [7007]
105 [1887]
105 [1374]
105 [10613]
104 [3458]
104 [10308]
104 [10507]
103 [11424]
101 [12125]
95 [0777]
92 [4550]
92 [2446]
92 [9105]
92 [2651]
91 [9710]
90 [5169]
90 [4399]
90 [10973]
88 [10066]
88 [8212]
85 [3541]
83 [6412]
83 [8047]
82 [11431]
79 [3080]
78 [1430]
78 [1486]
