827 [5877]
704 [0012]
695 [9127]
464 [1430 11258]
455 [9048]
392 [0879]
326 [11295]
314 [11804]
285 [9813]
280 [0002]
224 [9524]
221 [9331]
220 [1374]
203 [10245]
194 [9146]
192 [11053]
185 [7283]
180 [10754]
177 [5310]
172 [3381]
171 [1418]
171 [9620]
171 [2951]
165 [5365]
164 [9784]
161 [1578]
160 [7549]
158 [1022]
158 [11258 6037]
157 [10613 2261]
155 [4265]
152 [2423]
152 [7091]
152 [8786 1856]
151 [10376]
150 [2517]
145 [3880]
141 [9710]
141 [11258 12171]
140 [12041]
139 [5865]
139 [4468]
139 [0871]
138 [7785]
138 [7590]
136 [8631]
135 [8009]
135 [7007]
133 [3051]
131 [4557]
130 [1633]
130 [5891]
128 [9547]
126 [5965]
121 [6711]
120 [7809]
118 [6651]
118 [6825 6037]
116 [10076]
113 [4942]
113 [11258 6825]
109 [5863]
105 [7521]
104 [6196]
103 [4386]
