471 [1656 12041 1397]
380 [10887]
276 [0879]
248 [0199]
245 [0255]
243 [1397 1656]
233 [8786]
220 [12048]
217 [3731]
210 [6901 1374 12041]
210 [6901 1374 6651]
206 [6901 1374]
201 [1374 12041 1397]
196 [6901 6651]
191 [1494 12041]
190 [8187]
188 [9915]
185 [11297]
181 [8691]
175 [5169]
173 [3387]
172 [12041 1656]
155 [3382]
154 [11804]
149 [4550 6651]
148 [6679]
147 [2898]
140 [11728]
136 [1374 4327 6651]
135 [1374 6037]
133 [6825 6651]
132 [4922]
130 [8631]
130 [5365]
130 [1374 9146]
126 [9710]
126 [0027]
125 [6059]
123 [8059]
123 [8495]
123 [5429]
121 [6901 12041]
120 [5730]
120 [3298]
120 [1679 1374]
120 [10008 9146]
119 [12041 6651]
117 [6438]
115 [1822]
114 [1374 1430]
113 [12115]
111 [3091]
110 [8329]
110 [4327 9146]
107 [9509]
107 [3926]
106 [12041 3720]
105 [0002]
105 [1494 6651]
105 [1397 1374]
103 [5989]
103 [7562]
102 [8342]
102 [6217]
100 [4948]
99 [4327 1374]
