11.066847937500825 [1374]
11.02544596957459 [12041]
10.773883475633323 [6651]
9.850079277819734 [9146]
9.489677523159857 [6901]
9.392073759908033 [1656 12041 1397]
9.195841786370496 [3720]
9.136400089032312 [1494]
9.133843927964191 [1397]
9.130876012553856 [1656]
9.112519134141916 [12041 1374]
9.07473293451632 [4327]
8.646577177763266 [10887]
8.580198101257109 [10008]
8.484584513725363 [1374 6651]
8.43730301390103 [1397 1656]
8.37461465351818 [6825]
8.37047150542282 [1397 12041]
8.260683359884709 [4327 6651]
8.22673602796137 [6901 1374 12041]
8.22673602796137 [6901 1374 6651]
8.224574289140635 [3731]
8.198991037478468 [6901 1374]
8.163542201474177 [1374 12041 1397]
8.127200354410457 [6901 6651]
8.077427358160982 [0255]
8.058721781970705 [1494 12041]
8.026943633155115 [3232]
7.938755264997346 [12041 1656]
7.937688716196088 [9915]
7.90711809376121 [1679]
7.7219438759241985 [6679]
7.674387833487815 [3387]
7.624787930545926 [6037]
7.621057120940997 [11297]
7.606588870448616 [8187]
7.5999533515455875 [1374 4327 6651]
7.567772945796438 [11820]
7.562722441903847 [0879]
7.534858323323703 [1374 9146]
7.491925002230025 [8691]
7.478274794957335 [6059]
7.431353747569843 [6901 12041]
7.419381105903767 [1679 1374]
7.419381105903767 [10008 9146]
7.413602015668678 [6825 6651]
7.407308273603192 [12041 6651]
7.391155918593548 [1374 6037]
7.365064184509345 [5169]
7.357980561239623 [1822]
7.332669472710436 [12115]
7.293850223819908 [8329]
7.293850223819908 [4327 9146]
7.265678677268964 [8059]
7.253957496696396 [3926]
7.240863842040472 [0199]
7.240410964858447 [12041 3720]
7.226736027961371 [1494 6651]
7.199514559226346 [1397 1374]
7.165757108211718 [6438]
7.141847130374858 [4327 1374]
7.141847130374858 [11820 3232]
7.12508109366175 [4948]
7.112781433735702 [9509]
7.10942565268248 [4922]
7.082762038550459 [2898]
7.037605844532961 [1374 1430]
7.002848515299844 [7562]
7.001113752856845 [5429]
6.974580025381933 [3382]
6.902135995749672 [8495]
6.895295989124448 [12048]
6.893600620144391 [8786]
6.8889526340943075 [1430]
6.875060589679957 [3298]
6.855870532845567 [5730]
6.71883101137728 [8631]
6.688648051783077 [11728]
6.623241736133841 [9710]
6.569542302629267 [5365]
6.559307820226421 [4550]
6.558078938205317 [4550 6651]
6.445253803889086 [8342]
6.3925861826279595 [11804]
6.3814125250656755 [3091]
6.228645617970003 [0027]
5.899819667354568 [6217]
5.5691542205715425 [0002]
5.504939747745639 [5989]
