10.599886737422032 [11258]
10.173176838403592 [1430]
10.111449201752821 [10613]
9.956111486525892 [12171]
9.947753814581244 [6037]
9.937784838719299 [0012]
9.525477132196027 [6294]
9.505388288202798 [5877]
9.336334215209575 [1430 11258]
9.322925457965049 [6825]
9.290509331361324 [2261]
9.192354853876207 [9048]
9.163161909175516 [8786]
8.605953920213208 [11295]
8.53084837896396 [9127]
8.50618079184271 [0879]
8.379342174286194 [11804]
8.330316794394015 [0002]
7.970206316411676 [10754]
7.952060230363751 [1856]
7.9459587701649985 [5310]
7.8092700981966185 [1578]
7.803400505258476 [10245]
7.782133968259104 [11258 6037]
7.726280733525587 [2423]
7.710042713247171 [10613 2261]
7.698083841694935 [7091]
7.685662589119472 [9784]
7.664467326643843 [8786 1856]
7.6618409160861045 [9331]
7.658262310096935 [3880]
7.6430877548461424 [1418]
7.620571292354472 [9620]
7.617904572480795 [11258 12171]
7.58687767686017 [7590]
7.509359823320658 [1022]
7.477830626203938 [5865]
7.41242864501675 [2517]
7.3972164573565955 [6711]
7.3852438156905205 [7809]
7.321309509936421 [7549]
7.3172072609524665 [10376]
7.298532182497189 [11258 6825]
7.292592641111151 [4265]
7.287240502302614 [7785]
7.20535513506005 [1633]
7.201751292979554 [9547]
7.192598737748124 [7521]
7.188538680328775 [5365]
7.164853747265219 [4386]
7.164853747265219 [10613 6294]
7.16149493068285 [4557]
7.131338184705988 [10076]
7.099448803023711 [5965]
7.0778929729166915 [5863]
7.058623063028094 [9524]
7.023242959055705 [5891]
6.9745403829777 [6825 6037]
6.87887216919638 [9710]
6.790745378015228 [2951]
6.7801086430858355 [8631]
6.713121176909068 [7007]
6.711496718609299 [3051]
6.662436284520973 [11053]
6.655233189891348 [7283]
6.5234599574054934 [8009]
6.431988212288921 [6196]
6.421862018079116 [4942]
6.408231521854152 [9813]
6.328065209380758 [4468]
6.041708902979743 [9146]
5.978378422487576 [3381]
5.484439275681715 [0871]
5.3043215858610715 [1374]
4.028007239826781 [12041]
3.6280899689562696 [6651]
