10.458951733490569 [9127]
9.858480404312402 [6062]
9.593643471826311 [10997]
9.10821664465607 [10397]
9.09302085429168 [0871]
8.939240472607304 [12003]
8.793121784205166 [12048]
8.708286037767433 [10997 9127]
8.698232373103512 [9523]
8.55983585953709 [0339]
8.47807172594925 [7283]
8.408725755908527 [6126]
8.245720168406004 [8256]
8.18941272750405 [7142]
8.18941272750405 [6062 8256]
8.178980623973391 [5989]
8.17498565686877 [8257]
8.092437522010318 [0465]
8.06155655641438 [1486]
7.947893406220192 [9005]
7.930678459103882 [12003 9127]
7.791317824427275 [2951]
7.767179726821002 [5866]
7.7398747279856535 [11719]
7.735034014091777 [3458]
7.724921025403447 [12041]
7.6779123887239145 [7592]
7.667644053270087 [4472]
7.637432877032215 [5137]
7.636393119285648 [11764]
7.636393119285648 [11478]
7.61382723161281 [4715]
7.608033036945613 [2567]
7.5998067612978755 [11175]
7.457224273599715 [11764 7592]
7.441188852088243 [6217]
7.425721830428344 [12041 9127]
7.3963420314526935 [11054]
7.338247287478875 [11719 6062]
7.329559359725963 [4245]
7.306545361102048 [2924]
7.286873049874909 [0871 9127]
7.265646672613819 [12167]
7.210786378296617 [0611]
7.108216644656069 [3382 7142]
7.092949888002759 [4761]
7.044754452984247 [1374]
6.9074130433265095 [10904]
6.87858971761618 [9947]
6.8637891306112095 [2261]
6.80301894275019 [3382]
6.785749054921604 [8026]
6.753547485519183 [8841]
6.695452240159295 [9125]
6.659451914208291 [3091]
6.632903970587052 [3051]
6.5667113852183085 [4942]
6.511735539554545 [5437]
6.34480025220099 [2446]
6.342362752011465 [4468]
6.305628749912554 [8009]
6.131597868693632 [10613]
6.072714751546324 [2898]
6.029699865526198 [4297]
6.00988637123289 [5877]
5.910241216686348 [8691]
5.768288361280121 [8187]
5.756215614888673 [5813]
5.722722799657563 [9166]
5.190491279112216 [10887]
4.813505417850642 [6037]
