9.707424227684417 [0848]
9.327626422563554 [7113]
8.649554517450916 [3980]
8.573937470806221 [3740]
8.514149625404636 [3769]
8.445407105399324 [11053]
8.416893760660642 [2474]
8.387747415001124 [7540]
8.371510674897788 [8068]
8.36480170682459 [5877]
8.14807700223284 [5139]
8.09496566577328 [9188]
7.996881945692097 [11713]
7.944426553783273 [1597]
7.62181819412993 [6825]
7.6185276218302915 [1444]
7.567453437236023 [5306]
7.554221656389537 [10968]
7.546544130105111 [1397]
7.4167414900926305 [10308]
7.4140419191959355 [10507]
7.31335710186776 [9979]
7.296599526942929 [9105]
7.296599526942929 [2651]
7.264890667215591 [4399]
7.264890667215591 [10973]
7.255192203010497 [0027]
7.232469189523213 [8212]
7.181584304576462 [7772]
7.102903485197919 [6153]
7.088174923644585 [7130]
7.056461040528611 [9813]
7.029772462655049 [8009]
6.998680646870287 [1887]
6.9031445736687465 [6037]
6.648198987812127 [0777]
6.591449773574716 [11424]
6.512447359178316 [12125]
6.447597938024856 [7007]
6.291919388133988 [0879]
6.267914052554421 [6412]
6.21067406579781 [3080]
6.1981096635435655 [2446]
6.19753386296554 [11431]
6.1821898816071466 [9331]
6.059006069860666 [3541]
6.041135487766977 [9710]
5.98390528908096 [8047]
5.975305899696855 [10887]
5.9222395957833385 [6651]
5.847487520045798 [3458]
5.7826097111839765 [5169]
5.513437007439596 [10066]
5.372032434928906 [10047]
5.017412521488111 [1486]
4.93600862363392 [2261]
4.330450955926386 [10613]
4.095504751722447 [4550]
3.4467278963305947 [1374]
3.436131461408428 [1430]
