10.655603594401452 [9125]
10.60562276521308 [9813]
10.131573968757747 [4550]
9.739314883104424 [5813]
9.725247271583424 [4499]
9.674412960230761 [3381]
9.654581402396836 [6651]
9.51887847555079 [5437]
9.003960103908991 [10047]
8.986370527700135 [0199]
8.906139276397276 [6037]
8.85053463317339 [9524]
8.74719250644971 [8378 0199 4550]
8.682237064608941 [2826]
8.60557623946115 [8714]
8.577258169464823 [2363]
8.535355280341086 [8378]
8.489399283651665 [5877]
8.460682125109923 [0510]
8.341200146773875 [3745]
8.27326930537839 [10510]
8.26722707641487 [11704]
8.26085803845627 [8201]
8.248090742382395 [5779]
8.241664473222961 [4587]
8.173462940650221 [4468]
8.17023867612564 [4899]
8.1459438354282 [4550 6651]
8.141173573408473 [10070]
8.127796508664682 [4587 9813]
8.063666171244968 [10066]
8.044977405810815 [9166]
8.023445285561328 [8378 0199]
7.997288372911264 [0871]
7.942104191364052 [5144]
7.8983980065584785 [7451]
7.8962041471897395 [5437 8714]
7.893741169802654 [10627]
7.829084607189793 [4550 10047]
7.769062894860727 [11689]
7.765788323668589 [1561]
7.7652264292799735 [8568]
7.7562376460527185 [2649]
7.74182532867143 [7270]
7.728930300056984 [8409]
7.719711770027605 [3467]
7.70621602785889 [0879]
7.7018765598483965 [2328]
7.693847306806691 [1274]
7.672292161500112 [4297]
7.664101884378056 [2350]
7.663683017688411 [3381 6651]
7.604234552607669 [11728 5779]
7.589909006104102 [0027]
7.575138773268387 [11728]
7.5738609035641495 [11175 6651]
7.527414737341462 [0502]
7.521772392415696 [6202]
7.504824117100869 [4550 0199]
7.4980351487757435 [3084]
7.4849260866070075 [5460]
7.481433463279383 [7430]
7.471994920802161 [4550 8378]
7.465847125837511 [2362]
7.444344144544162 [11053]
7.4115894746652735 [8201 4550]
7.4115894746652735 [5813 3467]
7.392631097462088 [6908]
7.386689532303216 [9695]
7.377033491801602 [6632]
7.365046888728243 [7451 5779]
7.344661288584433 [10074]
7.310293721118464 [11175]
7.307495114182004 [7578]
7.259406055610228 [3192]
7.128385056839016 [8293]
7.114927108631611 [0088]
7.089016432456084 [6825]
7.009248107455142 [3458]
6.93474122839575 [6889]
6.933873262306947 [8047]
6.918290477764236 [8068]
6.894062590109406 [1503]
6.879094393838253 [3541]
6.80438252848645 [8009]
6.744050938183485 [5989]
6.737493222161322 [2905]
6.643174559112685 [12125]
6.080672596550656 [3769]
6.074053152944543 [2261]
5.758893806753151 [10008]
5.724412681490137 [10887]
